198.056508	12.250510
198.818765	11.160114
199.580988	13.337262
200.343178	22.133250
201.105336	14.297182
201.867460	15.577782
202.629552	25.165611
203.391611	20.073943
204.153637	12.644861
204.915629	13.827599
205.677589	12.457788
206.439516	23.789162
207.201410	6.154625
207.963271	15.707653
208.725099	12.630682
209.486893	12.334708
210.248655	10.322597
211.010384	8.818230
211.772079	12.707722
212.533741	18.804310
213.295371	11.714274
214.056967	4.572356
214.818529	16.354888
215.580059	8.338024
216.341555	15.909075
217.103019	5.171070
217.864449	4.034981
218.625845	11.484708
219.387209	8.970920
220.148539	9.705306
220.909836	13.777407
221.671099	8.388405
222.432329	8.797146
223.193526	7.176573
223.954690	9.551385
224.715820	7.143349
225.476916	5.637845
226.237979	4.193435
226.999009	9.967234
227.760006	5.973761
228.520968	10.413185
229.281898	7.532768
230.042793	3.658384
230.803656	3.330530
231.564484	7.117057
232.325280	7.965119
233.086041	2.855583
233.846769	5.766305
234.607464	5.050141
235.368124	4.564680
236.128752	3.921275
236.889345	2.756174
237.649905	4.892233
238.410431	6.444763
239.170923	6.553980
239.931382	7.543770
240.691807	3.478700
241.452198	7.247965
242.212556	5.653378
242.972879	3.233327
243.733169	4.229655
244.493425	6.900530
245.253647	3.518550
246.013835	5.007654
246.773990	6.323375
247.534110	5.975618
248.294197	3.313786
249.054250	4.633807
249.814268	4.465382
250.574253	8.268870
251.334204	4.798027
252.094121	7.782664
252.854004	4.974537
253.613853	5.315990
254.373667	6.493636
255.133448	3.339200
255.893195	6.197034
256.652907	5.377933
257.412586	4.218413
258.172230	11.355059
258.931840	6.982038
259.691416	11.643076
260.450958	8.957156
261.210466	9.186204
261.969939	9.770891
262.729378	5.622730
263.488783	8.671275
264.248154	7.843066
265.007490	6.824025
265.766793	10.854324
266.526061	9.840474
267.285294	12.481516
268.044493	9.057038
268.803658	8.931893
269.562789	14.235165
270.321885	10.177229
271.080946	9.667514
271.839974	8.956912
272.598966	11.680311
273.357925	11.147461
274.116849	12.332666
274.875738	11.578488
275.634593	10.230383
276.393413	11.570862
277.152199	8.471518
277.910951	8.069758
278.669667	9.582320
279.428350	9.554680
280.186997	7.049673
280.945610	9.117110
281.704188	9.656116
282.462732	10.948208
283.221241	10.164976
283.979715	11.264856
284.738155	7.865621
285.496559	11.393031
286.254930	8.751240
287.013265	9.831802
287.771566	8.681793
288.529831	9.560751
289.288062	8.235450
290.046259	9.475060
290.804420	8.169687
291.562546	10.314412
292.320638	7.939470
293.078695	6.299388
293.836717	8.079336
294.594703	10.566994
295.352655	8.931950
296.110572	9.976882
296.868455	8.883950
297.626302	8.506454
298.384114	5.127255
299.141891	8.115927
299.899633	10.214885
300.657340	7.914096
301.415012	7.203364
302.172648	5.794407
302.930250	9.129052
303.687817	8.955733
304.445348	10.543422
305.202844	5.981141
305.960306	8.808710
306.717732	11.472948
307.475122	8.137681
308.232478	9.220942
308.989798	7.285327
309.747083	13.347562
310.504333	9.086068
311.261548	6.418055
312.018727	11.412864
312.775871	9.993491
313.532979	10.900212
314.290052	13.247080
315.047090	8.970105
315.804093	9.532580
316.561060	10.095126
317.317991	12.101386
318.074888	8.864467
318.831748	9.237814
319.588574	6.344377
320.345363	8.704085
321.102118	9.612912
321.858836	8.525711
322.615520	6.894579
323.372167	5.628357
324.128780	9.634663
324.885356	7.099993
325.641897	9.299483
326.398402	4.566202
327.154872	10.975014
327.911306	7.141824
328.667705	6.049082
329.424067	11.190767
330.180394	7.342580
330.936686	10.285744
331.692941	8.638595
332.449161	8.828942
333.205345	10.494481
333.961493	9.768589
334.717606	12.915161
335.473682	6.279157
336.229723	10.723057
336.985728	10.363623
337.741697	9.262755
338.497631	11.126304
339.253528	11.508452
340.009389	8.916322
340.765215	14.127572
341.521004	9.115725
342.276758	11.546210
343.032476	6.899608
343.788157	10.272477
344.543803	5.988106
345.299412	8.624954
346.054986	11.087333
346.810523	11.113193
347.566025	10.011106
348.321490	7.577436
349.076919	12.734790
349.832312	12.587553
350.587669	10.145938
351.342990	12.104165
352.098274	10.222237
352.853523	15.488304
353.608735	11.271494
354.363911	10.725924
355.119051	12.912709
355.874154	11.576774
356.629221	10.229071
357.384252	9.464131
358.139246	7.707309
358.894205	11.292811
359.649126	10.924953
360.404012	12.353922
361.158861	7.797266
361.913674	14.839257
362.668450	14.070896
363.423190	12.082104
364.177893	13.295667
364.932560	8.252349
365.687191	7.838247
366.441785	10.227372
367.196342	12.795181
367.950863	11.353933
368.705348	7.536430
369.459795	9.866260
370.214207	9.613883
370.968581	13.064363
371.722919	11.430678
372.477221	8.468777
373.231486	10.514400
373.985714	10.251792
374.739905	9.992408
375.494060	11.231358
376.248178	7.060807
377.002259	11.247912
377.756304	11.890489
378.510312	8.708712
379.264283	7.557136
380.018217	10.351283
380.772114	10.624716
381.525975	11.952564
382.279799	11.867856
383.033586	14.560056
383.787336	11.364250
384.541049	9.922681
385.294725	11.221703
386.048365	9.803276
386.801967	10.756128
387.555532	9.527544
388.309061	11.805809
389.062552	9.430861
389.816007	13.503662
390.569424	9.346062
391.322804	9.472403
392.076148	8.788354
392.829454	5.842397
393.582723	9.387834
394.335955	10.173051
395.089150	8.700572
395.842308	9.969178
396.595428	9.947472
397.348512	7.847384
398.101558	10.231008
398.854567	13.406660
399.607539	7.648325
400.360473	9.704020
401.113371	11.273252
401.866231	11.885137
402.619054	11.542183
403.371839	14.039385
404.124587	12.903077
404.877298	11.929097
405.629971	10.645278
406.382607	15.925382
407.135206	16.655823
407.887767	15.362177
408.640291	16.394161
409.392777	13.101050
410.145226	16.433670
410.897638	10.714795
411.650012	16.935470
412.402348	16.123533
413.154647	18.198132
413.906909	17.690342
414.659132	19.897799
415.411319	18.484563
416.163467	18.273611
416.915578	18.063558
417.667652	19.340867
418.419688	17.790672
419.171686	17.723736
419.923646	19.860093
420.675569	21.242283
421.427454	23.629401
422.179302	23.813161
422.931111	21.537443
423.682883	26.047674
424.434617	24.788115
425.186314	27.395386
425.937972	24.585808
426.689593	30.857769
427.441176	26.509053
428.192721	33.718056
428.944228	31.498110
429.695697	32.925564
430.447128	35.186430
431.198522	33.282912
431.949877	40.801775
432.701195	42.494852
433.452474	46.114827
434.203716	48.493234
434.954919	48.119257
435.706085	55.818031
436.457212	57.208668
437.208302	65.399472
437.959353	63.353958
438.710367	71.629536
439.461342	80.405087
440.212279	85.752940
440.963178	94.717088
441.714039	105.510672
442.464861	114.893619
443.215646	123.283847
443.966392	132.167589
444.717100	140.732832
445.467770	149.770769
446.218401	156.114590
446.968994	155.578128
447.719549	157.541719
448.470066	164.053125
449.220544	162.019288
449.970984	160.511064
450.721386	153.254030
451.471749	146.546536
452.222074	142.360841
452.972361	133.697092
453.722609	134.999865
454.472818	129.020908
455.222989	121.560765
455.973122	125.265852
456.723216	123.881983
457.473272	122.896452
458.223289	126.257979
458.973268	126.336026
459.723208	132.138191
460.473110	130.233430
461.222973	142.140028
461.972797	141.277971
462.722583	147.005285
463.472330	153.365441
464.222039	160.743001
464.971708	166.625260
465.721339	174.510913
466.470932	179.363458
467.220486	188.237875
467.970001	197.843571
468.719477	208.299458
469.468914	226.068171
470.218313	245.585453
470.967673	257.820545
471.716994	279.364855
472.466276	296.884012
473.215519	320.291985
473.964724	340.675751
474.713890	375.220827
475.463016	402.988528
476.212104	439.583063
476.961153	468.642402
477.710163	516.252263
478.459134	558.977127
479.208066	604.017904
479.956959	653.139667
480.705813	718.431209
481.454628	773.018757
482.203404	848.656691
482.952140	923.897251
483.700838	997.282895
484.449497	1092.157326
485.198116	1182.048416
485.946697	1297.094683
486.695238	1410.413583
487.443740	1524.276705
488.192203	1669.337784
488.940627	1816.897395
489.689011	1981.678695
490.437356	2146.843964
491.185662	2331.445322
491.933929	2541.472455
492.682157	2749.278148
493.430345	3008.923344
494.178494	3223.401232
494.926603	3493.498512
495.674673	3812.328810
496.422704	4119.630178
497.170696	4441.086086
497.918648	4807.872865
498.666560	5206.460153
499.414433	5596.627380
500.162267	6047.660798
500.910061	6530.991411
501.657816	6972.038745
502.405532	7496.779584
503.153207	8037.087824
503.900844	8591.035464
504.648440	9147.534746
505.395997	9734.517913
506.143515	10369.522343
506.890993	10974.470720
507.638431	11647.178476
508.385830	12259.308988
509.133189	12948.352262
509.880509	13523.816470
510.627788	14173.842668
511.375028	14789.413414
512.122229	15398.401098
512.869389	16006.217900
513.616510	16562.277447
514.363591	17085.029569
515.110633	17568.971513
515.857634	18009.842162
516.604596	18480.594355
517.351518	18797.255820
518.098400	19166.575101
518.845242	19372.475866
519.592044	19632.728869
520.338807	19772.121626
521.085529	19901.158970
521.832212	19983.487188
522.578854	19937.267987
523.325457	19891.090980
524.072020	19751.083041
524.818542	19695.960082
525.565025	19393.616281
526.311468	19183.881166
527.057870	18892.079219
527.804233	18544.659406
528.550555	18208.516138
529.296838	17810.127149
530.043080	17441.890180
530.789282	16997.858820
531.535444	16523.262002
532.281566	16049.061956
533.027648	15600.149246
533.773689	15096.140664
534.519691	14608.916715
535.265652	14154.755327
536.011572	13661.236406
536.757453	13196.766517
537.503293	12736.688122
538.249093	12314.078357
538.994853	11841.705608
539.740572	11383.751750
540.486251	10975.411930
541.231890	10556.760162
541.977488	10189.082497
542.723046	9789.512902
543.468563	9417.371876
544.214040	9068.905870
544.959477	8723.574470
545.704873	8342.625752
546.450229	8072.736264
547.195544	7740.534608
547.940818	7463.954991
548.686053	7132.999374
549.431246	6848.288143
550.176399	6575.229301
550.921512	6324.594595
551.666584	6052.861234
552.411615	5781.206542
553.156605	5551.533973
553.901555	5357.862511
554.646465	5131.610906
555.391333	4902.518695
556.136161	4709.975655
556.880949	4504.258717
557.625695	4319.078409
558.370401	4141.024302
559.115066	3970.183332
559.859690	3777.978606
560.604274	3640.090563
561.348816	3479.451118
562.093318	3367.775528
562.837779	3216.359662
563.582199	3096.513125
564.326579	2961.898018
565.070917	2838.192133
565.815215	2713.131154
566.559471	2622.521159
567.303687	2557.124701
568.047861	2465.099653
568.791995	2357.027953
569.536088	2278.422175
570.280140	2195.311709
571.024150	2116.743882
571.768120	2051.972700
572.512048	1956.903567
573.255936	1898.932224
573.999782	1853.143973
574.743588	1786.159952
575.487352	1735.583588
576.231075	1678.847213
576.974757	1629.304140
577.718398	1579.389007
578.461997	1528.280915
579.205555	1487.217886
579.949073	1438.122600
580.692548	1384.389365
581.435983	1366.306656
582.179376	1320.018508
582.922728	1279.959824
583.666039	1243.179422
584.409309	1215.794498
585.152537	1189.088254
585.895723	1158.948210
586.638869	1130.888353
587.381973	1102.768033
588.125035	1069.699505
588.868057	1050.501452
589.611036	1017.319690
590.353975	1004.740464
591.096871	971.111154
591.839727	951.432076
592.582540	928.420529
593.325313	914.308834
594.068044	898.288041
594.810733	882.344898
595.553380	859.840807
596.295986	842.994399
597.038551	826.179955
597.781074	812.052694
598.523555	790.425204
599.265994	772.038452
600.008392	768.153553
600.750748	757.601235
601.493063	736.097498
602.235336	728.671356
602.977567	706.926447
603.719756	701.879808
604.461903	683.366388
605.204009	677.584477
605.946073	657.343653
606.688095	647.810726
607.430075	636.650641
608.172014	638.724071
608.913910	626.404445
609.655765	613.672996
610.397578	601.083115
611.139349	594.857418
611.881078	581.538288
612.622765	564.514820
613.364409	556.999460
614.106012	548.006464
614.847573	545.717726
615.589092	535.025062
616.330569	522.381984
617.072004	515.554537
617.813397	506.679077
618.554748	500.312478
619.296057	487.265724
620.037323	483.489336
620.778547	467.466662
621.519730	470.042638
622.260870	460.929053
623.001968	452.248203
623.743023	446.098663
624.484037	436.618861
625.225008	423.771102
625.965937	423.988769
626.706824	413.602974
627.447668	417.635001
628.188470	404.996634
628.929230	393.605128
629.669948	391.317293
630.410623	382.800186
631.151256	379.363219
631.891846	374.443594
632.632394	370.316570
633.372900	353.665301
634.113363	349.518401
634.853784	348.921518
635.594162	341.440900
636.334498	332.275132
637.074791	325.255765
637.815042	317.805088
638.555250	321.191998
639.295415	306.449606
640.035539	305.787528
640.775619	302.186880
641.515657	294.964694
642.255652	288.578368
642.995605	281.737383
643.735515	274.296894
644.475382	272.505446
645.215207	271.076522
645.954989	269.880055
646.694728	257.257110
647.434425	256.631229
648.174079	255.426497
648.913690	245.534744
649.653258	245.021874
650.392783	242.010270
651.132266	231.772716
651.871706	227.028442
652.611103	226.716626
653.350457	222.288387
654.089768	218.357361
654.829036	219.160767
655.568262	209.467602
656.307444	208.066119
657.046584	197.812944
657.785680	202.865908
658.524734	194.711459
659.263745	196.412896
660.002712	192.408147
660.741637	187.058235
661.480518	181.289152
662.219357	181.012168
662.958152	172.344060
663.696904	172.073117
664.435613	169.991991
665.174279	166.109109
665.912902	161.377897
666.651482	158.857643
667.390019	160.490715
668.128512	155.881376
668.866962	151.000849
669.605369	144.024308
670.343733	147.257592
671.082053	140.704050
671.820330	136.105446
672.558564	135.426811
673.296755	132.918132
674.034902	128.132705
674.773006	132.704270
675.511066	125.352204
676.249083	119.839272
676.987057	125.472828
677.724987	120.969573
678.462874	116.579169
679.200718	116.209880
679.938518	109.897128
680.676274	112.105671
681.413987	103.973108
682.151656	103.113418
682.889282	102.415243
683.626865	100.711508
684.364404	98.441596
685.101899	99.609149
685.839351	94.860448
686.576759	98.013611
687.314123	93.229772
688.051444	90.959551
688.788721	94.264757
689.525955	91.770566
690.263144	90.434879
691.000291	85.364737
691.737393	81.765876
692.474452	80.733889
693.211466	85.081315
693.948437	82.146926
694.685365	72.202177
695.422248	72.631249
696.159088	77.878750
696.895884	75.026717
697.632636	71.536348
698.369344	70.842360
699.106008	69.350985
699.842628	66.751048
700.579204	72.289180
701.315737	65.418960
702.052225	64.327196
702.788670	64.006183
703.525070	60.853260
704.261427	63.337908
704.997739	60.963030
705.734008	58.291024
706.470232	56.418876
707.206412	57.543104
707.942548	55.238234
708.678641	54.675324
709.414689	53.023479
710.150692	50.911163
710.886652	51.170292
711.622567	50.961877
712.358439	47.273647
713.094266	48.668137
713.830049	47.362026
714.565787	48.773099
715.301482	45.392917
716.037132	48.276720
716.772738	46.185968
717.508299	44.906409
718.243816	47.698671
718.979289	35.807989
719.714718	38.274444
720.450102	41.262375
721.185441	37.807188
721.920737	35.291746
722.655988	37.858367
723.391194	40.569554
724.126356	40.023185
724.861474	43.007661
725.596547	33.240012
726.331575	36.988279
727.066559	33.819152
727.801499	31.274462
728.536394	34.343262
729.271244	35.208709
730.006050	33.125683
730.740811	37.047594
731.475527	30.694473
732.210199	29.234117
732.944827	29.599083
733.679409	26.770711
734.413947	27.217544
735.148440	32.753121
735.882889	29.103030
736.617292	26.300299
737.351651	28.411592
738.085965	25.222876
738.820235	26.718706
739.554459	28.146372
740.288639	23.591314
741.022774	26.981041
741.756864	31.228711
742.490909	24.341632
743.224910	24.658413
743.958865	19.585808
744.692776	26.777622
745.426641	21.590215
746.160462	24.996978
746.894238	20.232170
747.627968	23.227531
748.361654	16.800546
749.095295	23.743793
749.828890	20.335390
750.562441	21.188035
751.295946	21.921514
752.029407	20.824747
752.762822	20.460405
753.496192	16.204654
754.229517	21.558669
754.962797	22.658163
755.696032	18.227960
756.429221	18.803113
757.162366	20.782052
757.895465	19.872440
758.628519	18.981979
759.361527	21.051072
760.094491	16.454809
760.827409	13.845643
761.560281	16.284920
762.293109	15.156570
763.025891	17.253946
763.758628	14.617591
764.491319	14.221053
765.223965	12.406857
765.956566	12.467839
766.689121	17.259791
767.421631	16.886022
768.154095	14.002295
768.886514	14.841353
769.618887	16.979929
770.351215	16.646128
771.083498	14.001017
771.815734	16.515155
772.547926	14.643741
773.280071	16.355056
774.012171	16.054696
774.744226	15.074862
775.476235	14.469530
776.208198	15.513033
776.940116	13.417532
777.671988	16.040010
778.403814	9.899987
779.135594	9.732348
779.867329	12.340169
780.599018	15.795667
781.330662	12.397950
782.062259	12.917967
782.793811	11.681343
783.525317	12.147591
784.256777	13.482775
784.988192	12.815158
785.719560	9.578714
786.450883	15.482130
787.182160	12.617713
787.913391	10.619298
788.644576	11.078248
789.375715	12.241341
790.106808	15.055537
790.837855	11.267388
791.568856	10.404553
792.299811	9.481582
793.030720	10.631566
793.761583	12.291967
794.492400	14.032188
795.223171	5.182980
795.953896	8.033523
796.684575	9.434484
797.415208	11.578720
798.145794	11.639970
798.876335	11.523000
799.606829	13.090469
800.337277	8.754566
801.067679	11.425658
801.798035	13.620219
802.528344	7.601842
803.258607	10.916985
803.988824	8.781577
804.718995	7.044568
805.449119	10.542055
806.179197	12.045806
806.909229	10.113744
807.639214	7.669185
808.369153	9.544871
809.099046	10.314172
809.828892	10.789267
810.558692	9.241124
811.288445	9.031967
812.018152	9.123436
812.747813	10.272319
813.477427	12.162027
814.206994	12.892057
814.936515	14.400535
815.665989	10.232036
816.395417	4.781113
817.124799	11.816015
817.854133	15.097107
818.583422	9.916000
819.312663	10.657652
820.041858	8.801179
820.771006	9.959579
821.500108	9.260662
822.229163	10.421093
822.958171	7.937430
823.687133	8.178336
824.416048	6.784742
825.144916	3.005441
825.873737	8.580682
826.602511	12.862658
827.331239	9.233350
828.059920	12.510049
828.788554	9.117946
829.517141	4.704305
830.245682	5.035192
830.974175	9.647123
831.702622	4.271250
832.431022	12.179926
833.159374	8.141915
833.887680	9.238739
834.615939	3.945906
835.344151	8.849130
836.072316	7.791701
836.800434	8.674245
837.528505	13.767686
838.256529	8.255917
838.984505	3.982943
839.712435	8.934333
840.440318	5.850530
841.168153	8.836464
841.895941	4.103952
842.623683	11.609236
843.351377	5.488085
844.079024	6.387374
844.806623	4.710064
845.534176	6.859373
846.261681	6.592993
846.989139	-0.596346
847.716550	4.716344
848.443913	10.874130
849.171230	5.626305
849.898498	10.834308
850.625720	11.574557
851.352894	3.670783
852.080021	4.857411
852.807101	12.321545
853.534133	9.289302
854.261117	6.348254
854.988055	6.153714
855.714945	10.899252
856.441787	10.295640
857.168582	8.385922
857.895329	10.138389
858.622029	10.456778
859.348681	7.756515
860.075286	14.203607
860.801844	5.120810
861.528353	9.620295
862.254815	8.921688
862.981230	6.003058
863.707597	11.356744
864.433916	10.554205
865.160188	13.339522
865.886412	10.858465
866.612588	4.623284
867.338716	6.245845
868.064797	7.510825
868.790830	2.614696
869.516815	7.950154
870.242753	4.036532
870.968643	12.996992
871.694485	4.457950
872.420279	19.811959
873.146025	12.231821
873.871723	13.907462
874.597374	7.192599
875.322977	10.804938
876.048531	3.887952
876.774038	9.951435
877.499497	14.467071
878.224908	3.839212
878.950271	6.959600
879.675586	3.163643
880.400853	5.347624
881.126072	12.953905
881.851243	9.012740
882.576366	12.870882
883.301440	13.058140
884.026467	5.959427
884.751446	5.994134
885.476376	7.899443
886.201258	5.823893
886.926093	20.835569
887.650879	7.998439
888.375616	18.357894
889.100306	2.866632
889.824947	13.718676
890.549541	2.206862
891.274086	2.616340
891.998582	6.406841
892.723031	4.507475
893.447431	8.532637
894.171782	4.405948
894.896086	13.252648
895.620341	10.128596
896.344547	10.706875
897.068706	10.035449
897.792816	8.470473
898.516877	19.040620
899.240890	8.252457
899.964855	6.756446
900.688771	10.643088
901.412638	10.467587
902.136457	11.437806
902.860228	5.129739
903.583950	7.410616
904.307624	8.476835
905.031249	14.548308
905.754825	11.965705
906.478353	6.687690
907.201832	9.606859
907.925262	16.141032
908.648644	11.203931
909.371977	16.141659
910.095262	8.951216
910.818498	7.004394
911.541685	5.926617
912.264823	9.690182
912.987913	9.409436
913.710953	15.587756
914.433945	6.470301
915.156889	13.110428
915.879783	10.679504
916.602629	7.984558
917.325425	6.535150
918.048173	19.154814
918.770872	3.786062
919.493522	4.180552
920.216123	7.802171
920.938676	-2.432545
921.661179	5.706567
922.383633	11.262712
923.106039	10.682092
923.828395	10.430170
924.550702	11.271062
925.272961	9.406989
925.995170	13.083194
926.717330	10.590848
927.439441	6.042957
928.161503	7.981126
928.883516	4.953540
929.605480	8.151928
930.327394	13.483407
931.049260	4.452992
931.771076	7.167029
932.492843	5.973402
933.214561	10.923643
933.936229	19.012995
934.657849	11.881896
935.379419	10.979056
936.100939	10.673901
936.822411	0.000000
937.543833	12.845985
938.265206	5.289766
938.986529	-2.430500
939.707804	17.382268
940.429028	23.225847
941.150204	18.027142
941.871330	10.042317
942.592406	13.856740
943.313433	11.157654
944.034411	10.311462
944.755339	8.078236
945.476218	10.091046
946.197047	8.251474
946.917826	8.336161
947.638556	11.648961
948.359237	17.820127
949.079868	17.321531
949.800449	8.375806
950.520981	18.986868
951.241463	30.762802
951.961895	8.871905
952.682278	13.501242
953.402611	17.144968
954.122894	10.570177
954.843128	19.751757
955.563312	9.609294
956.283446	12.990171
957.003530	6.594619
957.723565	-0.000000
